$ 1 5.0E-6 10.20027730826997 50 5.0 43
L 656 288 656 240 0 1 false 5.0 0.0
162 720 384 720 288 1 2.0 0.0 1.0 0.0
162 720 480 720 384 1 2.0 0.0 1.0 0.0
r 720 288 816 288 0 400.0
r 720 480 816 480 0 400.0
a 816 368 912 368 0 15.0 -15.0 1000000.0
g 656 480 656 528 0
r 656 288 656 384 0 100.0
r 656 384 656 480 0 200.0
w 720 384 816 384 0
w 816 352 816 320 0
w 816 320 912 320 0
w 912 320 912 368 0
w 912 368 960 368 0
R 816 480 816 528 0 0 40.0 3.3 0.0 0.0 0.5
w 656 384 720 384 0
g 816 288 816 256 0
r 656 288 560 288 0 1000.0
162 560 288 560 384 1 2.1024259 1.0 0.0 0.0
g 560 384 560 432 0
o 13 64 0 35 5.0 9.765625E-5 0 -1
